0 0.746000 0.554511 0.084000 0.334586
0 0.620000 0.624060 0.176000 0.248120
0 0.659000 0.437970 0.050000 0.364662
0 0.798000 0.453008 0.068000 0.402256
0 0.741000 0.359023 0.066000 0.236842
0 0.603000 0.511278 0.074000 0.270677
0 0.599000 0.362782 0.054000 0.236842
0 0.510000 0.537594 0.044000 0.225564
0 0.474000 0.524436 0.036000 0.244361
0 0.527000 0.462406 0.046000 0.390977
0 0.120000 0.562030 0.108000 0.372180
0 0.300000 0.624060 0.172000 0.278195
0 0.306000 0.537594 0.112000 0.315789
0 0.353000 0.468045 0.054000 0.357143
0 0.414000 0.454887 0.072000 0.368421
0 0.470000 0.468045 0.072000 0.357143
0 0.219000 0.473684 0.082000 0.406015
0 0.168000 0.460526 0.060000 0.409774
